200
112
89
1.avs
57.277378,387.22105
52.82906,387.32955
52.178087,386.0276
51.093131,384.72565
50.333663,382.77273
49.465698,380.60282
47.946761,378.75839
47.187292,376.58848
45.993841,374.63556
45.234372,373.22511
45.342868,370.9467
46.75331,369.31927
47.187292,367.47484
46.319328,365.8474
44.257912,365.30493
42.304993,365.73891
41.545523,367.90882
39.158622,368.5598
37.965171,367.47484
36.77172,365.52192
38.073667,363.89448
38.182162,362.48404
40.89455,362.26705
41.762515,361.61607
43.389948,360.42262
43.498443,358.57819
42.630479,357.60173
42.413488,356.08279
41.437029,354.99784
39.102777,354.99013
36.73449,355.28609
35.215552,355.47676
33.580409,355.48447
32.106412,355.32332
30.299218,355.22254
28.526059,355.43182
25.162697,354.99784
23.752255,354.99784
21.473848,354.02138
19.086946,352.50244
18.652965,351.09199
17.785,350.11553
19.520929,348.92208
21.365353,348.92208
23.969246,347.40314
24.945706,347.07765
26.030661,345.66721
27.332607,345.66721
29.394023,345.12473
31.780925,344.90774
30.804465,343.60579
31.129952,342.30384
32.540394,341.43588
34.710305,340.56791
37.74818,340.67641
40.135082,340.45941
41.220037,340.35092
42.521983,339.69994
44.691895,338.18101
45.77685,337.31304
47.621274,336.22808
48.489238,335.14313
47.946761,333.73268
47.621274,330.04383
48.597734,326.57197
48.380743,325.704
49.248707,324.18506
46.970301,323.1001
46.427824,319.73674
49.899681,319.51975
50.550654,318.43479
50.225167,316.80736
49.140211,315.28842
48.399358,314.12129
46.970301,314.09496
45.133654,313.72858
44.9035,312.65453
44.213038,311.81063
43.752731,310.12283
42.525244,309.35565
41.144321,308.89535
38.842784,309.35565
37.768732,308.12817
36.924835,307.59114
34.239707,308.05145
32.321758,306.67052
30.940836,305.90334
30.940836,303.83196
32.014887,302.29759
32.858785,300.45636
33.702682,299.15215
33.856118,296.92733
32.705349,295.77656
32.091605,294.01205
30.864118,292.32425
29.559914,291.78722
27.565247,291.02004
26.72135,290.09943
25.263709,289.48568
23.959504,288.41163
23.575915,287.18414
23.806069,286.03337
24.649966,284.72916
25.647298,283.57839
25.263709,281.58373
25.493863,278.74516
24.573248,278.13141
24.266376,276.06003
24.649966,273.14474
25.724016,271.61038
25.647298,270.91992
27.441103,267.22483
28.526059,264.29545
30.044996,261.69155
30.587474,258.97916
31.889421,256.91774
33.299862,254.85632
34.710305,252.68641
36.120747,250.62498
36.988711,249.32303
38.182162,247.91259
39.375613,245.95967
41.220037,244.22374
42.738975,242.37931
43.064461,241.18586
44.257912,240.1009
45.559859,237.714
47.078797,235.32709
47.72977,233.69966
49.68269,232.18072
51.310123,231.85523
54.131006,230.87877
56.626405,230.22779
60.098261,229.57682
63.244633,229.46833
65.197552,228.38337
68.886401,227.5154
73.660204,226.86443
77.023566,226.75593
79.952946,225.34549
82.990821,223.93505
85.486218,222.09062
88.741084,220.89717
89.500553,219.59522
91.127986,217.85929
92.972411,215.90637
94.274358,214.17044
95.359312,212.6515
97.420728,211.34955
98.614179,213.08548
100.02462,214.60442
101.21808,216.12336
102.08604,218.83575
101.32657,227.5154
99.699132,229.57682
98.614179,231.52974
96.878251,232.39771
93.514889,233.26567
92.321437,233.91665
92.429933,237.93099
92.646924,240.42639
95.359312,240.64338
100.13312,240.53489
104.14746,241.18586
105.12392,243.13878
106.20886,244.54923
105.12392,247.26162
104.14746,250.51649
102.62852,251.92694
99.699132,253.77137
97.529224,255.61579
94.925331,257.13473
92.863915,259.95562
93.080906,261.25757
95.467808,262.55951
95.793295,264.72943
95.684799,267.00784
96.878251,267.44182
99.156653,266.03138
100.35011,264.51244
102.84551,263.96996
104.47295,263.21049
115.32249,262.885
116.94993,261.69155
118.46886,262.01703
120.74728,263.21049
121.28975,265.16341
123.13417,265.27191
124.11063,264.62093
124.43612,262.9935
126.28055,261.36606
127.90798,260.82358
129.64391,258.97916
131.37983,257.46022
133.65824,257.46022
133.00727,262.45102
135.50267,264.07845
137.99807,265.05492
139.19152,266.68235
138.97453,271.02218
139.62549,275.4705
141.68691,277.09793
142.55488,278.72537
143.31435,281.43776
145.05028,282.41422
148.19664,282.30573
150.25806,283.39068
151.777,291.96184
151.01753,300.6415
149.1731,302.59442
147.97965,304.11336
146.35222,305.41531
144.61629,305.74079
143.09735,307.80221
141.14443,308.34469
138.64904,309.53814
136.26214,310.29761
133.33275,312.03354
131.27134,313.33549
130.07789,314.52895
128.66745,315.6139
126.82302,316.37337
124.9786,318.2178
124.11063,320.49621
122.80868,323.1001
121.39825,325.16152
119.77082,326.78896
118.14338,327.11444
116.19046,328.3079
112.61011,328.95887
110.3317,329.17586
108.92126,330.8033
105.99188,331.77976
102.95401,332.75622
100.24161,333.62419
94.925331,333.40719
94.165862,333.40719
91.887456,334.81764
89.934536,336.11959
88.307103,338.18101
85.70321,340.35092
83.858785,341.54437
81.79737,343.17181
79.952946,345.23322
77.89153,347.07765
75.938611,348.2711
74.74516,349.24756
73.660204,351.95996
73.443213,355.10633
75.070647,356.95076
77.783035,358.3612
79.735955,358.3612
80.712415,360.8566
82.448343,362.48404
83.207812,364.97944
86.67967,366.60687
90.368517,365.63041
92.104446,364.87094
93.514889,364.87094
95.250818,366.0644
96.335772,368.23431
96.769755,370.18723
95.467808,371.0552
93.297898,371.92316
90.585509,372.57414
88.415598,373.76759
86.354183,374.41856
84.509758,375.61202
81.79737,376.37149
80.712415,377.34795
78.325513,378.10742
76.589584,379.08388
75.070647,379.30087
72.141267,380.60282
68.994896,381.90477
66.282507,383.42371
63.678614,384.18318
61.508704,385.15964
60.532244,385.37663

255
23
200
2.avs
106.02431,244.45169
104.02964,241.15282
100.0403,240.46235
95.283787,240.53907
92.675374,240.46235
92.291784,233.94132
93.97958,233.02071
96.050967,232.71383
98.65938,231.48635
101.26779,227.57373
102.18841,218.75115
101.26779,216.29618
97.431892,211.3095
98.582662,209.23812
99.579996,207.85719
99.349842,206.55299
100.73077,204.94191
101.57466,203.56098
103.72277,202.10334
103.33918,200.95257
104.87354,199.34149
107.2518,197.50026
107.55867,194.50826
109.70678,192.51359
110.62739,191.51625
112.62206,191.36282
113.92627,192.74374
114.77017,195.73575
115.99765,198.57431
116.22781,201.18273
118.06904,202.71709
120.06371,204.32816
121.06104,206.01596
124.20648,206.39955
125.35725,208.01063
126.04771,210.69576
128.57941,212.23012
131.26454,214.60838
132.33859,216.29618
134.02639,218.29085
135.17716,220.2088
136.86496,221.12941
138.16916,222.20346
139.1665,222.74049
138.01573,224.81188
135.40731,225.65578
135.17716,228.26419
134.25654,229.41496
134.10311,233.25086
132.87562,234.86194
131.03439,236.47302
126.04771,236.77989
123.28587,238.16081
121.2912,239.15815
120.21714,240.92266
118.22248,241.99671
116.91827,242.91733
115.07704,242.99405
111.01098,242.07343
108.55601,243.60779
107.17508,244.14482

20
12
112
3.avs
96.561147,370.07822
96.23566,367.79981
95.259199,366.38936
93.306277,364.76193
92.22132,364.65343
89.508929,365.73839
86.579546,366.38936
83.21618,365.08741
82.510958,362.64626
80.829275,360.96458
79.852814,358.52343
77.791396,358.36068
75.295996,356.95024
73.614313,355.21431
73.614313,352.12218
74.753517,349.24705
77.899892,347.07713
80.395292,344.79872
82.022727,343.00855
86.037067,339.97067
88.47822,338.01774
90.159903,335.90208
94.22849,333.29818
100.30425,333.56942
108.9839,330.80278
110.3401,329.1211
113.05249,328.95836
116.25311,328.19889
118.31453,327.05968
119.94196,326.67995
121.62365,324.99826
122.9256,323.04534
124.55303,319.57348
124.93277,318.21728
126.93994,316.31861
128.73011,315.45065
131.17127,313.55197
135.94508,310.4056
139.0372,309.32064
141.15287,308.18144
143.26853,307.6932
144.46199,305.79453
146.30641,305.36055
148.25933,303.73311
150.91748,300.80373
151.83969,292.06983
150.375,283.55292
147.93385,282.25097
149.83252,279.97256
150.91748,277.80265
152.00244,275.79548
152.81615,274.33079
153.84686,273.24583
157.15598,273.24583
158.51218,274.33079
159.38014,275.57849
161.17032,276.3922
163.44873,275.68698
164.42519,273.30008
163.88271,270.09945
163.34023,267.49556
162.25528,265.48839
161.44156,264.72892
162.63501,261.85378
163.39448,257.5682
164.37094,255.61528
166.32386,254.04209
167.57156,252.14342
169.30749,250.67873
170.06696,248.34607
172.67086,246.66439
175.00352,246.06766
175.87148,244.44023
175.16626,242.21607
173.64732,241.4566
172.34537,240.31739
171.04343,238.90695
168.71077,237.44226
166.7036,236.41155
163.99121,235.59783
162.79775,233.48217
161.27882,232.7227
161.44156,230.17305
162.852,229.08809
165.94413,227.6234
168.11404,226.75543
170.17546,226.53844
171.53166,225.72472
174.13555,224.47702
176.08847,224.47702
177.11918,227.56915
178.63812,228.81685
179.45184,230.44429
181.35051,231.58349
184.33415,233.15668
187.86025,234.18739
190.62689,234.29588
192.30858,235.05535
198.05885,235.43509
200.28301,234.51287
202.88691,232.83119
204.3516,231.74623
206.90125,231.80048
207.9862,232.66845
209.72213,232.77694
210.26461,233.42792
215.09267,234.29588
218.56453,235.38084
221.49391,237.49651
222.52462,238.8527
222.78914,336.59004
220.56432,337.35722
218.87652,336.35989
216.95857,336.89691
215.19406,339.73548
215.42421,341.73015
216.49827,342.26717
216.49827,344.56871
215.19406,346.17979
213.96657,347.484
211.43488,348.86492
208.90318,349.70882
207.36882,350.93631
204.37682,351.62677
202.30543,354.00503
201.07794,355.61611
200.92451,359.06842
199.69702,360.98637
196.93517,359.68217
194.40347,357.91765
193.02255,356.69016
188.57291,356.61344
188.18931,357.76421
185.88777,357.99437
185.35075,359.52873
182.89577,362.90432
179.90377,363.74822
176.91177,364.66884
174.9171,365.97304
169.85371,366.35663
168.01247,367.58412
165.09719,370.42269
161.79831,371.18987
159.26662,370.42269
157.65554,368.73489
155.354,367.58412
153.43605,366.12648
151.36466,364.74556
149.60015,363.6715
147.6822,362.67417
145.07378,360.83294
143.46271,360.37263
142.31194,358.83827
140.62414,357.99437
139.31993,356.99703
137.40198,356.53673
136.55808,355.84626
131.72485,356.30657
128.50269,357.30391
126.66146,357.84093
124.97366,358.83827
121.67479,359.52873
120.29386,360.75622
117.60873,361.67683
115.15376,363.13448
112.69878,363.97837
107.55867,365.51274
104.95026,367.20053
101.80482,368.04443
98.65938,369.34864

255
23
200
4.avs
116.84155,261.78997
120.75417,263.17089
121.2912,265.08884
123.20915,265.39571
124.12976,264.62853
124.35992,263.01745
126.50802,261.17622
127.96567,260.71591
131.57141,257.34032
133.56608,257.57047
133.02906,262.48043
136.32793,264.4751
138.01573,264.9354
139.1665,266.6232
138.93634,271.07285
139.62681,275.29234
141.69819,277.13357
142.61881,278.82137
143.30927,281.19963
144.99707,282.3504
147.91235,282.27368
149.67687,280.12557
152.82231,274.295
154.12651,273.29767
156.96508,273.22095
158.49944,274.37172
159.26662,275.52249
161.18457,276.36639
163.48611,275.67593
164.33001,273.45111
163.17924,267.31366
162.33534,265.62587
161.41472,264.70525
162.64221,261.63653
163.40939,257.64719
164.63688,255.42237
166.4014,253.96473
167.62888,251.97006
169.16324,250.74257
170.00714,248.59447
172.69227,246.82995
175.07053,245.90933
175.76099,244.22154
175.30069,242.22687
173.61289,241.38297
172.23197,240.15548
170.31402,238.39097
168.24263,237.2402
166.17124,236.16615
163.79298,235.47568
162.79565,233.55773
161.26129,232.79055
161.49144,230.18214
163.17924,228.80121
166.47811,227.49701
168.01247,226.80655
169.93043,226.57639
174.0732,224.58172
173.07586,223.04736
173.15258,221.58972
174.53351,220.43895
176.68161,218.90459
177.52551,216.90992
176.14459,215.37556
174.76366,214.60838
174.0732,213.61105
173.15258,213.61105
172.69227,205.70909
173.68961,203.02396
175.07053,200.72242
176.2213,199.57165
176.45146,197.80713
178.21597,195.27544
180.67095,193.8178
186.96183,193.12733
187.80572,193.89451
189.10993,194.20139
190.41414,193.35749
190.56757,192.51359
192.63896,192.05328
193.86645,193.89451
194.32676,195.42887
195.40081,196.8098
195.17066,199.18806
196.6283,200.26211
202.91918,199.8018
203.83979,200.56898
204.99056,200.6457
205.91118,201.79647
207.06195,201.25944
208.44287,199.57165
210.97457,198.80447
212.8158,197.88385
215.57765,198.03729
216.6517,198.72775
219.26011,198.65103
220.79448,199.11134
224.24679,198.65103
224.63038,195.50559
226.0113,192.20672
229.54033,191.36282
231.535,191.43954
232.14874,186.91317
232.99264,185.45553
234.45028,183.92117
237.28885,181.38948
239.89726,179.70168
241.58506,177.70701
243.27286,175.17532
244.96065,173.48752
245.5744,172.02988
248.71984,171.723
249.4103,172.49018
253.09276,172.26003
254.0901,170.03521
254.85728,168.27069
256.92867,166.5829
258.7699,164.12792
259.6138,157.91376
261.45503,155.61222
262.75924,153.61755
266.28826,152.39006
270.43104,151.54616
272.27227,151.00914
276.41504,150.47211
277.10551,149.09119
278.94674,147.78698
280.09751,146.32934
281.24828,144.18123
281.63187,142.41672
283.24295,141.18923
284.70059,140.1919
285.92808,138.96441
288.9968,137.50677
291.83537,135.9724
293.6766,134.97507
296.59188,133.97774
298.97014,135.89569
300.27435,137.19989
301.27168,138.5041
302.03886,138.65754
302.65261,147.17324
299.96748,149.24462
297.97281,151.46945
298.3564,153.8477
299.89076,155.76565
300.42779,157.76032
302.03886,159.83171
303.34307,162.36341
305.26102,164.97182
305.87477,167.42679
307.63928,168.731
310.24769,167.73367
311.92505,165.45538
314.74594,165.45538
317.13285,167.4083
319.51975,169.79521
322.44913,170.55468
324.72754,168.60175
326.35498,166.21485
329.28436,166.21485
331.12879,164.15343
331.67127,163.17697
338.50649,163.39396
341.54437,160.46458
342.08685,158.83714
344.69075,158.07767
347.62013,156.77573
350.65801,153.95484
350.44102,150.80846
351.30898,145.60067
357.05925,144.51571
359.22917,142.88828
359.98864,138.65695
361.29058,137.2465
364.65395,134.7511
367.04086,134.31712
368.4513,135.18509
371.92316,134.53411
373.65909,132.3642
376.58847,130.19429
380.27733,127.69889
383.74919,125.96295
385.70211,124.01003
390.25893,122.16561
391.88636,120.32118
393.18831,117.2833
391.34389,115.76436
388.73999,114.7879
387.65503,112.72648
385.37662,111.75002
382.23025,111.20754
380.27733,109.36312
377.78193,109.25462
375.72051,107.95267
374.41856,106.54223
373.00812,106.65073
372.79113,101.98541
371.38068,99.92399
368.66829,98.51355
368.12581,94.39071
369.86174,92.87178
372.24865,90.05089
374.20157,87.01301
376.58847,84.8431
377.89042,82.89017
379.95184,81.04575
379.40936,73.01707
378.4329,71.49813
378.75839,65.85635
378.10741,63.79494
377.23945,61.62502
374.74405,59.88909
372.89962,58.58714
371.38068,57.82767
368.66829,58.26166
366.17289,57.2852
364.43696,55.65776
362.48404,53.59634
360.42262,51.64342
358.4697,50.12448
356.51678,49.03952
354.23837,47.1951
353.04491,45.78465
353.69589,44.5912
356.08279,44.48271
356.95076,42.74678
358.68669,41.98731
359.77165,40.90235
362.80952,40.79385
364.32846,39.49191
366.28139,38.08146
367.47484,35.15208
368.3428,32.33119
369.86174,29.07632
371.27219,26.90641
372.46564,18.87773
372.89962,12.151
368.88528,11.934
368.01732,15.83985
369.42776,18.55224
368.12581,21.80711
367.36634,26.79791
364.32846,31.89721
361.72457,34.39261
359.33766,36.77951
356.08279,39.49191
353.26191,41.22784
349.68155,43.39775
347.29464,46.00165
344.69075,47.30359
343.60579,48.60554
342.41234,49.582
342.08685,52.83687
343.3888,53.92183
345.45022,55.11528
345.23323,56.52573
347.07765,58.26166
347.72863,63.03547
345.66721,66.18184
343.60579,68.35175
342.73783,70.19618
341.65287,72.36609
341.54437,76.05495
343.49729,76.59742
343.49729,78.55035
342.30384,79.6353
340.35092,81.37123
334.60065,82.02221
330.26082,82.1307
329.28436,84.40911
327.11445,85.38557
323.64259,85.06009
321.90666,86.68752
320.17073,89.39991
318.3263,92.54629
317.02435,94.28222
315.7224,95.36718
312.79302,94.8247
311.70806,93.63124
309.21266,93.41425
308.45319,92.54629
303.46239,92.2208
301.29248,90.70186
302.70292,88.42345
304.76434,87.55549
306.71726,87.44699
308.12771,84.7346
307.25974,81.26274
308.67018,79.85229
310.40612,77.79088
313.44399,75.51247
315.17992,74.86149
317.89232,73.88503
321.14719,73.55955
322.99161,71.49813
324.51055,68.35175
325.704,65.53087
326.13799,55.54926
325.16153,52.83687
322.77462,52.51139
320.8217,53.81333
317.78382,54.5728
314.42046,55.65776
312.68452,56.95971
309.53815,58.37015
307.58523,58.58714
299.99053,59.45511
290.98539,60.10608
289.35796,62.38449
287.40503,65.31387
284.58415,68.24326
281.32928,70.52167
279.81034,73.23406
277.20644,74.753
274.16856,75.72946
273.0836,77.89937
271.99865,82.02221
273.3006,84.19212
274.38555,87.01301
276.66396,88.42345
279.70184,89.94239
281.76326,89.94239
283.06521,92.76328
283.93317,100.68346
285.45211,104.15533
287.62202,105.78276
288.273,108.06117
287.73052,115.33038
286.21158,118.04277
285.45211,129.32632
284.90963,132.58119
282.84821,133.12367
279.81034,134.9681
277.74892,137.89748
274.71104,139.63341
272.10714,142.23731
269.72024,145.60067
267.76732,147.77058
263.53599,148.31306
260.7151,151.13395
257.24324,153.73785
254.63934,156.34174
251.92695,158.83714
249.21456,160.24759
246.71916,162.309
243.35579,163.39396
239.66694,166.32334
234.56764,167.4083
230.11932,170.12069
225.88799,170.12069
223.50108,172.3991
222.19913,174.67751
222.09064,176.52194
220.89719,177.71539
218.18479,178.69185
215.90639,179.77681
214.27895,182.3807
213.30249,183.79115
212.32603,184.76761
211.02408,182.81469
209.83063,181.83823
204.51434,182.16371
202.23593,182.81469
199.08956,184.33363
193.99026,185.52708
191.16937,186.06956
187.69751,187.5885
178.69237,187.5885
176.73945,189.43292
173.26759,191.71133
170.22971,193.77275
168.49378,195.50868
166.32386,197.35311
164.91342,199.957
162.9605,202.88639
162.52652,203.97134
163.17749,208.41967
164.80492,210.1556
167.62581,213.08498
168.05979,216.23135
166.43236,219.16074
162.41802,223.06658
160.13961,226.32145
157.75271,229.35933
156.55925,230.33579
157.42722,233.59066
157.21023,236.08606
154.38934,238.47297
151.78544,241.29385
149.50703,243.13828
142.34632,243.13828
137.7895,244.76571
135.51109,246.93563
132.14773,249.32253
130.3033,251.81793
127.59091,254.42183
124.44453,255.50679
122.38312,257.89369
120.2132,259.52113
118.15179,260.0636

0
123
0
5.avs
222.19913,238.68996
220.4632,236.73704
218.18479,235.2181
210.37311,233.37367
209.83063,232.6142
207.9862,232.7227
206.79275,231.74623
204.40584,231.52924
202.34443,233.15668
199.84903,234.67562
198.1131,235.43509
192.14583,235.0011
190.73539,234.13314
187.9145,234.35013
184.65963,233.04818
179.77733,230.66128
178.69237,228.92535
177.28193,227.94889
175.97998,224.58552
174.13555,224.36853
173.0506,223.06658
173.26759,221.87313
176.19697,219.37773
177.39042,217.09932
174.46104,214.38693
174.02706,213.62746
173.26759,213.51896
172.8336,205.81577
173.70157,202.88639
176.52246,199.30603
176.41396,197.78709
178.25839,195.29169
179.77733,194.09824
186.93804,193.23027
188.13149,193.98974
189.10795,194.20673
190.30141,193.23027
190.73539,192.36231
192.57982,192.25381
193.99026,194.09824
194.31575,195.50868
195.18371,196.59364
195.29221,198.98054
196.48566,200.28249
202.77841,199.84851
203.97186,200.93346
205.05682,200.82497
205.81629,201.69293
206.90124,201.36745
208.31169,199.63152
211.56656,198.65505
212.65152,198.00408
215.25541,197.89558
216.34037,198.65505
219.48674,198.76355
220.6802,199.08904
224.04356,198.54656
224.58604,195.50868
225.99648,192.36231
229.57684,191.27735
231.42127,191.49434
232.07224,187.04602
233.80817,184.55062
237.38853,181.07876
239.44995,179.8853
243.1388,175.43698
245.09172,173.37556
245.5257,172.07362
248.67208,171.74813
249.43155,172.5076
253.01191,172.3991
255.07332,168.27627
257.13474,166.32334
259.08766,163.71945
259.63014,158.29466
262.88501,153.73785
269.39475,151.67643
272.32413,150.80846
276.55547,150.37448
277.96591,148.42156
279.59334,147.11961
281.22078,144.08173
281.54627,142.4543
284.47565,140.28438
286.10308,138.54845
289.57495,137.13801
293.48079,134.9681
296.51867,133.88314
300.96699,138.33146
301.83496,138.65695
302.59443,147.11961
298.03761,151.02546
298.2546,153.62935
299.99053,156.01626
300.31602,157.96918
302.48593,160.46458
303.3539,162.63449
305.19832,164.47892
305.7408,167.19131
307.58523,168.71025
306.71726,170.33768
304.76434,172.18211
303.2454,174.46052
301.94345,175.87096
301.61797,180.21079
300.09903,181.18725
298.47159,183.57416
298.03761,184.8761
295.97619,186.28655
294.45725,187.26301
291.85336,187.69699
289.90043,189.10744
288.48999,190.62637
286.42857,191.38584
284.58415,192.68779
284.15016,193.66425
281.54627,193.88125
280.89529,192.5793
280.13582,191.06036
278.94237,190.62637
277.74892,191.49434
274.60254,191.81983
271.34767,192.36231
269.93723,195.72567
268.0928,197.35311
263.31899,197.89558
261.25758,199.52302
259.19616,202.01842
257.89421,203.64586
255.29031,204.9478
250.625,206.14126
248.1296,208.41967
246.93615,212.32551
245.5257,213.62746
244.22376,214.06144
243.35579,217.09932
239.88393,216.88233
239.44995,214.92941
232.18074,215.0379
230.87879,215.90587
231.09578,218.61826
231.85525,220.24569
233.48268,221.76463
235.6526,222.41561
236.73755,223.93455
239.23295,226.10446
240.75189,227.40641
239.77543,229.35933
237.49702,230.76977
237.38853,232.07172
239.88393,233.37367
240.42641,235.2181
244.54924,236.30305
247.80411,237.82199
251.49297,238.36447
254.31385,240.1004
257.13474,240.75138
257.35173,242.48731
256.26678,245.63368
255.83279,248.67156
254.74784,250.1905
253.44589,251.49245
251.49297,252.6859
249.75704,253.66236
248.88907,256.15776
248.45509,257.7852
247.37013,260.1721
246.93615,262.99299
245.30871,262.99299
243.89827,262.01653
243.35579,257.24272
242.81331,254.74732
239.34145,253.87935
237.17154,252.36041
238.0395,249.86501
239.77543,247.5866
239.34145,244.33173
237.82251,242.37881
235.76109,240.96837
233.59118,240.1004
231.42127,239.34093
228.70887,238.58146
225.5625,237.4965

200
80
10
6.avs
222.75518,336.51237
222.48227,238.52522
225.5414,237.44158
231.15141,239.27323
235.67777,240.92266
238.20225,242.65005
239.2872,244.27748
239.72119,247.47811
238.20225,249.70227
237.17154,252.41466
239.23296,253.8251
242.43358,254.58457
243.46429,257.35121
243.84402,261.90803
245.25446,262.88449
246.71916,262.93874
247.33891,264.9354
249.94732,266.77664
251.63512,269.23161
255.47102,272.45377
257.31226,274.295
258.69318,275.67593
258.38631,280.58588
259.00005,283.34773
259.69051,284.72865
258.15615,287.18363
256.31492,288.79471
255.54774,291.01953
256.62179,292.40046
258.46303,293.78138
259.76723,295.85277
262.06877,296.15964
262.45236,304.52191
260.84128,305.67268
260.15082,311.96355
260.38098,317.87084
262.29893,319.71207
264.52375,320.93956
265.82796,321.86018
267.05544,323.85485
268.35965,324.77546
269.20355,325.69608
272.57914,325.61936
272.27227,331.7568
270.96806,333.90491
268.74324,334.67209
266.13483,333.82819
264.37031,332.6007
261.45503,331.7568
259.99739,330.68275
258.15615,329.14839
257.23554,328.30449
248.02937,327.9209
246.18814,329.68542
243.80988,330.91291
241.89193,333.06101
239.97398,335.1324
235.44762,334.90224
233.91326,333.82819
230.07736,334.05835
227.23879,334.74881
225.47427,334.74881
224.70709,336.28317

10
80
200
7.avs
280.94141,354.69549
278.02612,353.62144
278.02612,350.85959
278.94674,348.40462
278.7933,343.18779
280.02079,341.9603
280.17423,339.50532
278.94674,337.66409
272.19555,337.35722
270.50776,335.36255
270.50776,333.98163
272.19555,331.91024
272.50242,325.61936
269.4337,325.61936
266.97873,323.77813
265.67452,321.55331
262.75924,319.86551
260.53441,317.79412
260.0741,311.57996
260.76457,305.82611
262.45236,304.36847
261.99205,296.15964
259.92067,295.77605
258.46303,293.78138
257.00538,292.47718
255.62446,291.01953
256.46836,288.48784
258.07944,287.18363
259.84395,284.80537
258.84662,283.04086
258.38631,280.6626
258.69318,276.13624
258.46303,275.29234
251.78856,269.23161
250.10076,266.93007
247.26219,265.01212
246.80189,263.01745
247.49235,259.87202
250.71451,259.48842
254.93399,257.11016
260.6066,254.31333
266.68236,251.70944
272.32413,249.53952
280.08158,246.98988
285.39786,243.51801
288.45977,241.15282
289.30367,240.00205
318.07293,240.69251
318.91683,235.85927
317.22903,234.17148
318.60996,230.25886
319.30042,225.96265
318.22637,221.28285
317.30575,218.36756
315.31108,216.21946
314.62062,214.83853
313.2397,214.14807
311.62862,211.6931
309.48051,209.77514
308.86677,205.63237
307.10225,204.02129
305.26102,201.94991
304.03353,200.41555
301.96215,197.88385
299.73732,196.65636
298.81671,194.66169
298.66327,187.60364
300.65794,186.68302
301.88543,184.15132
301.65527,180.08527
301.96215,176.09593
304.80071,172.18331
306.56523,170.49552
307.63928,168.80772
310.24769,167.65695
311.78205,165.50884
314.62062,165.43213
319.30042,169.65162
322.44586,170.49552
324.90084,168.42413
326.20504,166.27602
326.20504,166.27602
329.35048,166.27603
331.11499,164.20464
331.65202,163.13059
338.55664,163.2073
341.7788,160.29202
342.16239,158.83438
344.54065,158.14391
347.60937,156.60955
350.67809,153.8477
350.52466,151.08586
351.36855,145.63888
357.12241,144.48811
359.27051,142.72359
360.03769,138.73425
361.3419,137.19989
364.48734,134.82163
365.56138,136.89302
365.71483,181.9265
369.55073,183.15399
372.0057,184.22804
376.60878,184.68835
376.45535,187.14333
374.69083,188.37082
373.54006,189.98189
372.08242,192.05328
372.31257,195.19872
374.23053,197.03995
375.61145,198.57431
376.60878,199.11134
378.60345,198.49759
379.60079,197.27011
380.82828,196.19605
382.05576,195.50559
388.11649,195.122
389.11382,192.9739
389.57413,190.67236
391.03177,189.52159
393.56347,189.21471
393.87034,187.75707
395.63485,186.45286
397.62952,184.38148
398.16655,183.30743
402.84635,183.00055
404.99445,184.61163
405.99179,189.44487
408.83035,188.90784
409.90441,187.4502
411.1319,188.2941
410.90174,192.05328
408.90707,193.66436
406.9124,194.43154
404.38071,196.11934
402.84635,200.18539
401.00512,201.18273
392.56613,200.95257
390.49475,202.64037
384.58746,203.6377
383.59012,206.24612
380.90499,207.32017
379.90766,209.77514
378.98704,211.6931
377.06909,212.38356
375.3813,214.22479
373.38663,216.44961
372.69616,216.98664
372.23586,218.59772
370.47134,219.74849
368.55339,222.28018
367.63277,224.19813
365.56139,226.11608
363.64344,228.95465
362.03236,230.71917
360.65143,232.63712
360.11441,233.48101
358.19646,235.09209
356.58538,237.08676
354.82086,240.61579
354.66743,243.91467
347.3025,244.37497
345.23111,245.98605
344.84752,247.52041
343.54332,248.67118
342.08567,250.35898
340.47459,252.27693
338.86352,253.27426
338.7868,255.03878
337.63603,255.9594
334.64402,258.33765
332.11233,261.17622
330.04094,263.09417
328.5833,264.85869
327.27909,266.16289
326.81879,267.85069
324.7474,269.30833
323.36647,271.37972
322.67601,273.75798
321.21837,274.90875
319.91416,276.51983
319.07027,277.36372
318.45652,278.51449
316.30842,280.73932
314.46718,282.3504
313.00954,284.57522
310.55456,286.49317
310.24769,287.87409
308.94349,289.56189
307.33241,292.40046
305.03087,295.85277
303.41979,298.61462
302.42245,300.91616
301.04153,303.98488
299.96748,305.3658
299.81404,307.66734
298.12624,310.50591
297.28235,313.49791
295.28768,317.10366
293.83004,320.2491
293.44644,323.01095
292.44911,325.00562
291.68193,328.30449
290.91475,330.98962
290.07085,333.90491
288.84336,338.73814
287.23228,342.19046
286.92541,346.40995
285.54449,348.63477
284.01013,351.47334
281.93874,353.23785

20
234
100
8.avs
247.47863,259.84661
248.34659,258.00219
249.91978,253.55386
253.82562,251.27546
255.67005,248.8343
256.32102,245.63368
257.40598,242.65005
256.972,240.69713
254.31385,239.99191
251.43872,238.31022
247.80411,237.82199
244.54924,236.19456
240.48066,235.38084
239.88393,233.37367
237.49702,232.07172
237.38853,230.71553
239.72119,229.30508
240.6434,227.40641
236.7918,223.93455
235.75449,222.43362
233.52967,221.74316
231.84187,220.36223
231.07469,218.75115
230.6911,216.21946
232.07203,215.06869
239.2068,214.83853
239.82055,216.98664
243.34957,217.14007
244.27019,214.07135
245.72783,213.38089
247.10876,212.1534
248.10609,208.47094
250.56107,206.24612
255.70118,204.71175
258.00272,203.56098
261.14816,199.57165
263.29626,197.80713
267.89934,197.42354
269.97073,195.58231
271.35165,192.36015
277.56581,191.51625
278.87002,190.59564
280.02079,191.20938
281.40172,193.8178
284.16356,193.66436
284.70059,192.51359
286.54182,191.2861
288.45977,190.51892
290.07085,188.98456
291.91208,187.68035
294.44378,187.37348
298.04953,184.9185
298.58655,183.38414
299.96748,181.38948
301.65527,180.46886
301.96215,183.99789
300.88809,186.45286
298.73999,187.68035
298.81671,194.58498
299.77354,196.64788
302.05195,198.00408
307.097,204.02559
308.83293,205.59878
309.37541,209.66737
311.65382,211.62029
313.06426,214.00719
314.63745,214.98365
315.50541,216.50259
317.18709,218.29277
319.30276,225.83322
318.54329,230.28154
317.24134,234.18739
318.97727,235.92332
318.00081,240.75138
289.30371,239.99191
288.21875,241.3481
280.19007,246.93563
272.21564,249.53952
262.45103,253.44537
257.13474,255.99502
250.78774,259.46688

